"xcoord"	"ycoord"	"Richness"	"Richness_25"	"Richness_50"	"Richness_100"
0.215687000658363	0.104070736793801	9.19556793240436	10.4133305846503	2.29119576338451	2.8196723220275
0.725321697769687	0.431972633814439	8.85339814488255	9.52147433995661	4.52118419984626	8.18371081799852
0.32003586133942	0.441954106790945	8.6313055275968	3.74744049795754	4.81511465359689	5.90988477348783
0.968620927073061	0.895855684066191	10.3617178104278	10.9737291228544	5.19244973225799	9.87493606009011
0.0974488023202866	0.189071238972247	12.4249427525625	10.1211535485815	5.2354582397413	14.1212462445733
0.815312053775415	0.664389313897118	9.63584629565571	9.41334123890918	5.87209394649467	16.5812275281594
0.40332370554097	0.498375590890646	12.7073200805333	14.5692166428302	6.25699959373428	17.2128470988296
0.167005751049146	0.67559592355974	10.7859087684946	13.7890560814293	6.35060027157258	12.6453575397076
0.146586249116808	0.281673135003075	10.8856072190836	8.00487543232704	6.38083195264411	4.60040959748903
0.416891157161444	0.422548153437674	11.3187091804582	12.961922945504	6.5254283189965	11.6630289254965
0.981327529763803	0.534199086017907	13.8849055665796	18.4488417821585	6.56686199935815	10.8233001159668
0.580845744581893	0.765017611440271	12.6340383201847	12.9721862674027	6.76170933595129	7.35921722239222
0.723980236332864	0.0264684455469251	10.8158266648174	5.90260425827775	7.2272858416124	11.4465275927707
0.710050829220563	0.377515635453165	10.0025289138956	8.99576569742814	7.4232537576137	5.81955193951717
0.633994249394163	0.710458850953728	11.6125370845544	13.5447386949782	8.13345037669382	15.9838622200987
0.560462086927146	0.579159083776176	14.8799791587338	17.6330897821523	8.41533526746096	16.9972011923527
0.356684291502461	0.627842345274985	12.4786040468413	14.5884781099214	8.43199894148736	16.2782342451157
0.167024823371321	0.781251388601959	14.0289082768613	12.0784811526158	8.50144958017847	28.1853780081553
0.273967050481588	0.840675149811432	14.7558741554607	11.0850223582381	8.6859197598382	13.8578326055278
0.335265031084418	0.745732019888237	13.1320877248233	10.1664245337083	8.71798088322326	22.9084054505047
0.896916035329923	0.855361097725108	13.869836849499	11.0738985219698	8.92745835067612	7.85989894403455
0.734684501774609	0.691978610120714	17.3156341358942	12.3207596123043	8.96532495561264	15.9949384930657
0.187416680855677	0.763446731260046	15.0664241292935	17.6724724927191	9.113652329966	19.0974504977827
0.842306847684085	0.140111518790945	14.3025598791326	10.435870844107	9.17085701886733	16.7245907633589
0.364845839096233	0.775758323958144	12.1270046494346	14.4221518942213	9.33258139207369	7.43059849329951
0.798422211315483	0.0533007408957928	10.7472692391128	12.2892726251029	9.42322803069765	17.27045035097
0.61535778013058	0.0988105067517608	14.0609056994018	14.7533823810657	9.56790419040687	10.2232163645695
0.779234134824947	0.466782440664247	14.8903999695114	15.6540862680563	9.59748428953804	20.1788854902195
0.419876444153488	0.365331919165328	15.0272536699056	13.4646040016663	9.62922902065827	13.6607422704747
0.804400552995503	0.801560536725447	9.63941341123029	11.1239894020137	9.93060174165842	2.60996607603306
0.103539521805942	0.497726495144889	13.2881070030258	14.9719565172078	9.98101446536863	20.1219782442005
0.145223104394972	0.360819777473807	15.9352228619141	12.9022884529098	10.0792263236274	10.4068743943195
0.539494650671259	0.948934985790402	10.3321645457612	8.99848537758995	10.1598094421642	8.63417053951782
0.272130881436169	0.281019232003018	11.4837791650513	11.2438609988144	10.2578364185409	4.67264809077531
0.979369644541293	0.0598065268713981	17.2804973801883	18.9951284060075	10.3897867224819	21.242784410832
0.560156271094456	0.297612688969821	12.879134963559	10.4929193620373	10.4694025101075	5.12096105070342
0.0209764949977398	0.413333395496011	13.39573508369	12.0247864309643	10.5981257066874	15.8197978489567
0.411569339921698	0.472320559201762	19.2436955188265	17.6602160342619	10.633567430319	27.3864632314453
0.959293173626065	0.477462050272152	12.3906977097998	17.6937388925608	10.6749267314434	12.9885081817219
0.562748032156378	0.557584536261857	16.5823364699735	16.2017139874356	10.8325160526262	19.975303661671
0.90256716334261	0.145658827852458	12.9927097516999	16.3643748513034	10.9018424935543	19.1160293464136
0.823992925696075	0.684155191294849	14.982462467336	14.3981744330284	10.9183363408278	13.3390015799421
0.498856452759355	0.828739509452134	13.8302613270789	7.47583582131741	10.9611205158463	4.88247731372597
0.317296631401405	0.037903324700892	14.9331510776548	16.3417837114026	11.066031643291	11.6097028904313
0.603063280694187	0.864375702105463	15.9157303007519	17.143900438784	11.1269864061109	12.9978945471449
0.690477753989398	0.625092484522611	10.6614303124981	10.5907392685219	11.2756362603311	8.22655593751074
0.405422139680013	0.957697142846882	9.72597775177264	5.09811822424256	11.3164527489274	8.44727700039431
0.36369163589552	0.232264768565074	21.175849890482	18.7742210556668	11.3452777673344	24.6450192606302
0.253519180463627	0.987807644531131	14.9623442321373	17.8621279718437	11.3757988553697	21.2285776494729
0.819140291539952	0.682690228102729	9.86918146209449	12.2161785639373	11.4236423437136	1.27397873762273
0.464460988761857	0.0425560786388814	17.0007070767506	15.604648195276	11.5761572049819	18.2012969900183
0.207082998706028	0.782327586552128	13.6074910922393	12.6248764140079	11.6190349874903	10.7511380824131
0.43467058846727	0.20250658900477	13.1861678991739	13.3638734563045	11.633579324214	9.10776544220277
0.145467064576223	0.971589209279045	14.2161501989041	12.105806340969	11.7400361532015	10.5074403807789
0.183878440409899	0.170777912251651	11.4403402197476	12.4666527667	11.7679014357183	16.6613210285439
0.532975839450955	0.0142871842253953	15.8226651715068	15.5866248906196	11.8566540307377	10.8181738871109
0.0867317076772451	0.770066596101969	18.825871151182	20.4592436621775	12.0133798085845	15.7237179339388
0.0366868150886148	0.207688920898363	14.7317924911491	12.5188991283195	12.0397079092949	15.3311458599651
0.127887816168368	0.928528540767729	12.8554576123513	14.9976939244794	12.1449802471661	20.9424406474805
0.820307112066075	0.738950450206175	14.9987817683988	13.2773786947087	12.1642539155457	11.8504961929125
0.432383410166949	0.501125675160438	19.3388743379399	19.0416092345775	12.1830589284223	16.2402669417604
0.0339812347665429	0.719318645540625	11.441081147744	12.3400630507609	12.2852766945262	10.7518318378222
0.302916358457878	0.184586629271507	15.699023021842	22.2389967323994	12.3244272492978	14.0581584882002
0.588299365947023	0.170089537743479	16.1753655398287	17.7664648070364	12.3420983211336	9.41779205465298
0.147033545887098	0.150414994684979	9.98024333300456	11.1986490452609	12.420340007608	7.82703144285584
0.713249920168892	0.554152351804078	10.572629530414	13.0323316174954	12.459038304989	9.17828057337005
0.608506952179596	0.551670665387064	18.0185243778206	16.737853446933	12.4605395217534	21.3134663676128
0.760029045399278	0.00601992034353316	10.6007516114282	7.06957729269468	12.5078049815795	9.51827937049018
0.828010390978307	0.792525362223387	23.7690927757361	22.9690850085182	12.6253020881167	23.4477220046815
0.261964750243351	0.807750023202971	15.0958784580814	18.0285395674544	12.7048086799688	15.8310107751159
0.743389411363751	0.984995514620095	15.2352923508735	17.7775534766179	12.8869542764677	10.4607061676842
0.68250866420567	0.700405926909298	15.4290035245056	14.2447876499075	12.9215477482784	17.2683011118667
0.184532888699323	0.708905596053228	11.0207500653229	10.0992796941905	12.9542779703441	8.58461208159141
0.663184531731531	0.0219061484094709	20.729467651969	23.2639815201225	12.9770322145968	13.266202107102
0.974705185275525	0.108982266392559	9.19836957727787	9.90157150603286	13.0170665762567	5.51425013094716
0.950650603277609	0.659560262225568	12.9440276595687	12.5542333239121	13.0524729557551	11.7493460728782
0.096612096298486	0.964054247364402	15.835769484156	15.8659968039473	13.1640521891881	12.5649767075845
0.218219829723239	0.276557733071968	12.9890997864865	10.4468421546501	13.1858288698414	13.0942629620337
0.937350617023185	0.378016893286258	18.6777829445336	20.4440837252852	13.2088165677509	20.8178801363306
0.437099419767037	0.753428710158914	17.8231566180642	19.4172703709097	13.2795932681399	21.0444869950712
0.727539124898612	0.861608322709799	19.555725012255	17.7790429130401	13.3094909090133	19.8087647029564
0.711265929741785	0.650383332977071	19.4369591469725	17.0755435716841	13.3237966912402	27.8741148900711
0.301858938764781	0.832518545445055	14.8431902032774	18.7383103700688	13.4393300799884	10.1181973057771
0.0713356893975288	0.435787535505369	18.1835551441941	22.1401626966332	13.4548988926845	13.106933168937
0.54568458464928	0.163060642313212	14.3840657445788	13.1869026693315	13.4640532539653	15.2919476570203
0.134721383219585	0.546139505924657	15.6335519126349	17.5678860278198	13.5098395284082	17.9139380031187
0.0698280667420477	0.771332996664569	13.4973054216503	11.1233072260092	13.5574541613742	3.25680602458085
0.521878155181184	0.838188895024359	9.42055221066201	10.704590943662	13.5961752718704	11.305682693667
0.812565725529566	0.372972586425021	18.2453877385444	17.4236737845934	13.6319388235848	16.2800019339636
0.265397682785988	0.522133471444249	20.5714814914897	21.5980486524431	13.6922023248231	20.0235240623133
0.390986368991435	0.860831804806367	17.983817517997	22.9254213020728	13.7232848646957	10.183965088056
0.246582403080538	0.112266163807362	13.8485859443176	16.5000519183322	13.7648557747071	14.0456292577101
8.08434560894966e-05	0.313603012124076	18.3773611625032	20.3306002678891	13.7954722978347	16.621329558027
0.82991180405952	0.353297412162647	13.0870461093024	15.4637164898724	13.8035850219659	18.6483039501435
0.132654564222321	0.553717068163678	15.0411050329351	15.9780197954625	13.8414220464356	17.4117128301882
0.834726184606552	0.637817456386983	10.5222670502903	9.72982767424873	13.9011363944066	14.7851416970411
0.836826274637133	0.235858644125983	18.5476420342794	20.729227767646	13.9169851879518	19.6570943186762
0.192383727058768	0.464959332952276	19.6229465698126	19.7492617110603	13.9681613883375	23.8938876759701
0.576547985197976	0.630758840357885	13.2881030502475	13.4615530818182	13.9941233388036	20.298442856632
0.972398095531389	0.97355656302534	20.4668165501691	21.1867287361022	14.0207395196841	17.1242561598184
0.31259640166536	0.236381224822253	12.5496533960262	10.2517847846199	14.0723555936053	6.23143618693629
0.964359297882766	0.729054636787623	14.1142132435315	17.7045269930273	14.0937509256971	12.2749069955263
0.180505297379568	0.290186651516706	15.8219327337683	24.5637074212115	14.1528193432499	18.2853714357302
0.624329471960664	0.277771676657721	15.9659035294118	16.4920575271858	14.2142060359876	24.3244928478683
0.954198151594028	0.239228667225689	16.1445709673028	14.6594682710068	14.2845859964647	15.9763433424844
0.259243368869647	0.191835875390097	14.4297293340651	16.7652717441131	14.360209838278	16.7080616507849
0.48873007693328	0.618263132404536	19.3013990628421	26.5818880576093	14.3700874423087	22.4354488619293
0.154697486432269	0.746543267508969	15.6781604088277	17.8595234552316	14.4717037655426	24.9190451906494
0.417844697134569	0.871594282798469	12.5435699225751	9.45957060190927	14.5161444605967	23.5379395186668
0.819885078817606	0.688347816932946	16.4488893690678	13.4693518590835	14.5457326716494	11.5379209400794
0.403721932321787	0.520929251099005	19.7405211490725	19.1256588453339	14.6106799347426	20.3159075481667
0.588167027803138	0.890166368102655	13.5393713220257	15.6143711833589	14.6466808006047	9.18663876866041
0.881611794698983	0.580862902803347	21.8188105016153	21.6676643976908	14.6812651792648	22.7756985005276
0.00135944178327918	0.746373415458947	19.4887489426649	19.0651909690123	14.7371587876669	21.2864916732841
0.997853644890711	0.843345567816868	13.4990385763674	9.26367262059476	14.8078829908698	11.5805809599005
0.692236934555694	0.930803742958233	20.6596411540012	22.5494718575841	14.8358206417608	24.2097965746642
0.121982110664248	0.955042688408867	19.3641933433086	17.6355611857806	14.8622854582093	16.1396927856257
0.620951284887269	0.0804020103532821	14.3467324308122	18.0516528628729	14.9026715017292	24.0494568286507
0.994455217616633	0.997617535525933	17.7345160933229	17.4697068872941	14.9783862027302	13.7296136336003
0.429057300556451	0.157422167481855	20.5183209129106	19.8336064555855	15.0460639280862	16.6745819022378
0.121283594984561	0.684436993673444	20.9842580005973	19.9192178010047	15.0951200081934	22.9819982087008
0.178641867823899	0.719590859953314	17.6283818177733	18.2606997539584	15.1271324850977	15.7707400579845
0.627683397382498	0.00912503199651837	19.4919551629567	21.886747997372	15.1449232911237	23.5239702957716
0.620586754055694	0.400934064062312	16.1743800781746	16.2224592000697	15.1837368776201	9.6412314677726
0.247202001046389	0.54269463964738	20.8373564243648	18.349307145653	15.2395159540318	19.950208616308
0.403890057699755	0.879796860273927	14.2489582887216	12.4848773749509	15.2882734898369	6.70494727592962
0.668860994745046	0.27704990375787	15.5915042035713	16.2080676034327	15.3214315348273	26.2712572896582
0.280465407762676	0.833836537320167	19.2953995636326	19.3540384808685	15.3869851772954	18.1321923522182
0.401460432913154	0.713668078416958	12.9548457857452	11.4319297333325	15.4225724325527	13.0252185718948
0.913549850927666	0.75174093618989	21.6600790076125	22.8551485023642	15.4455843899591	10.7742830048268
0.429075588472188	0.258856100961566	18.2258225638921	17.2945034734114	15.496541400197	17.7090569454097
0.541703468654305	0.394004778936505	18.8982117601687	15.7505850794505	15.5234397263818	20.0231846934265
0.601235975045711	0.408196461154148	15.6569665555298	10.673166091311	15.5507053396023	10.628798213743
0.102305522887036	0.0646582555491477	19.784533976807	18.6812913443064	15.5691151841187	20.0104489084906
0.850195198319852	0.204975491855294	21.8348908336853	20.7145032167016	15.6201284593626	25.0718403451504
0.446975890081376	0.661686020437628	11.6810171444565	10.1886896993672	15.6738701675396	8.93525766628824
0.144805703312159	0.793250786606222	20.9215827515822	16.5897505694033	15.6991377941156	25.9835063508027
0.420862042345107	0.103878600057214	11.6867332380868	8.43351542030008	15.7334044517505	17.8124901490626
0.916138242697343	0.216839143075049	15.1208081525108	13.137018724623	15.7598593409025	14.9206457524056
0.602977218804881	0.0632172338664532	13.5372295015795	13.2181541806872	15.7813759364198	18.3803696688327
0.184393885312602	0.648682710481808	22.9451769286296	20.5713624898044	15.8048763698506	27.7260957502681
0.0554388435557485	0.0897580331657082	21.3855225459921	23.1454536757607	15.8935300563075	26.1993449709259
0.235849258722737	0.686717873206362	13.481967271882	14.5373809496454	15.9263863157835	16.6492096615361
0.407404543599114	0.770251775160432	14.874024375639	14.2342936313455	15.9887995143249	1.47669507746554
0.329989971127361	0.473228430608287	19.0808491322365	16.2135369578631	16.006618618883	16.7044925914339
0.444444702239707	0.490868563298136	20.6489833375297	19.7975600897793	16.0515891966497	24.8258051814195
0.0514848604798317	0.524304006248713	21.2880210040379	21.9390368493343	16.0679689826702	26.8495248781859
0.320993102621287	0.00980214728042483	18.1912194369395	20.1243691345197	16.1120863211114	21.5046295050884
0.217752884840593	0.826698975637555	20.5679555284142	21.3642078219338	16.1891925952933	17.5628516721494
0.603858711197972	0.586271075066179	20.9248544276131	23.2430623376779	16.202868946304	22.4957995896329
0.883474771399051	0.985863883281127	20.6872918231387	20.5077906953447	16.2140974159701	27.0317422459004
0.680998615920544	0.192798707867041	19.8843376193262	21.4311267380506	16.2273503867659	19.6790074948002
0.0863164463080466	0.0183059815317392	11.2314359718336	8.58747125570684	16.2461323283562	6.3880048272837
0.224791542161256	0.36541677522473	15.8376220247842	21.0703984820545	16.2585382997573	9.28161838442988
0.638673109468073	0.90474384278059	13.6977947988536	13.3378378907783	16.3456759884222	14.5664944661536
0.912532357499003	0.755657603731379	19.3260560178868	16.8145998147998	16.402881660566	32.5848897403683
0.462280801264569	0.26154433679767	17.666765449719	19.5168420885573	16.4569104383638	9.50862403894856
0.374265424674377	0.239708348643035	15.3290630028663	12.302574925086	16.5418552957625	10.3117772989607
0.94434058573097	0.249219291144982	17.1959177823115	18.1613446511671	16.6252551036541	16.9985563974301
0.743755599716678	0.384503915440291	20.5883194499193	18.074965699283	16.6731475923458	14.649598649851
0.235889738658443	0.70628306386061	19.4693941947308	20.0442252410953	16.7511230962005	23.2489845454095
0.909080273006111	0.151548984460533	18.6498684003104	18.3354280255847	16.7943041869999	20.411510893955
0.250714329769835	0.496026361128315	13.1569963636166	11.1957232724997	16.9429160173503	19.9432671500444
0.337433626176789	0.917713045142591	14.5373957413413	18.7598602225379	16.9629892877431	22.9405059739248
0.964511543745175	0.9677740088664	17.3119418456916	19.8711993711986	16.977178027063	12.9383573718349
0.289588315412402	0.762146932771429	18.3635230033086	17.5525259646479	17.0220600535162	15.0094759519817
0.61719286814332	0.486248203553259	23.5606835234519	21.964794381699	17.03874565108	21.5808952604526
0.476699498714879	0.416106120217592	16.345352237422	13.8086592253281	17.0767307582785	16.8500864342539
0.80898966290988	0.0117812617681921	16.1664301136949	16.154831415567	17.1424862261865	12.111316855985
0.136403029086068	0.620768705382943	21.2639303597481	20.3310687312199	17.1988010297065	22.1487996222317
0.935893487883732	0.692312000319362	17.7026913326798	16.7300719014793	17.2319807653985	13.4824738546592
0.408932362683117	0.214087166124955	16.217249189887	12.911663310751	17.2997472802394	16.5196182921245
0.404493808746338	0.476704102940857	16.0418007277	14.4615343641408	17.3189732309086	16.5657811588263
0.99166105221957	0.0541602757293731	24.4481623344111	24.2347471530614	17.4405645363013	21.6197995080014
0.0849026788491756	0.118611793965101	21.2177299357685	21.9932843690604	17.4485108516004	17.0111776509445
0.457125402987003	0.849664523266256	18.861413351883	18.924416954401	17.4790655972689	16.7434564101809
0.229907708708197	0.237337056081742	16.7167816196162	19.7810817589736	17.5322783429124	25.3976767970508
0.842765294015408	0.844290955457836	20.6246302944659	20.3408002507386	17.5367895792939	22.3503064720403
0.149049748666584	0.548043034039438	17.800491563069	21.6934348508597	17.5882258042913	18.3991155000188
0.310685293050483	0.838719146326184	15.4664727814421	17.569580521568	17.6130193885593	15.2474395886059
0.816215242957696	0.965407953597605	21.4377849778788	23.7390831967816	17.6220323197781	26.0678018057207
0.744025249499828	0.586394602200016	24.258214467959	28.8962466457042	17.6442035700419	29.9413816036087
0.134848152752966	0.16707257879898	20.1181553495694	18.6909628068269	17.6540922963017	20.900211912798
0.925463430350646	0.688954372890294	15.7167577963744	13.140848565214	17.6610329812824	13.6843162972158
0.906661118147895	0.957379032624885	18.6513196522874	20.4544559020486	17.6859362682927	19.8627333422098
0.972473711473867	0.0155804811511189	23.1370015804533	24.3349865889609	17.698439965145	20.5218282195888
0.241422973340377	0.699697387171909	15.124894855174	15.5506356142301	17.7758765629084	21.2515168948111
0.116852361010388	0.859186627436429	20.1962995397914	19.6338065189462	17.827325328262	17.3476530535132
0.0172229956369847	0.512235100148246	17.613583172751	13.8290592619907	17.8504674858028	21.0184895030146
0.79535035835579	0.0213112365454435	21.9792954471983	24.2903303229387	17.8612145091459	23.775669372201
0.683374676387757	0.919697777135298	24.8398964955694	28.6488558129297	17.8678578651495	32.8147450345173
0.247043158393353	0.291993668302894	23.4784205498647	23.2042507456968	17.9214361285808	28.636042269819
0.819674665806815	0.348521983483806	12.5167116570616	11.402304658505	17.9683249442618	18.2112570931831
0.192204365041107	0.671168102882802	19.6056524818893	15.8229979057223	18.0047890305292	20.6348289988285
0.323248510016128	0.744617175776511	25.1053816115539	24.4495504469378	18.0231580038288	30.3581300994844
0.968238183762878	0.247276319889352	17.8713834489081	21.2830061630883	18.1031920439548	16.0370136829269
0.728795183589682	0.29616057802923	20.0788842847455	18.43205121453	18.1775891793614	21.602512107348
0.52027721889317	0.758119396166876	16.9977792269614	14.5995442037191	18.1948047547763	13.9583771314413
0.0398570531979203	0.299887128407136	18.574631503347	21.907972578509	18.2448403141436	14.7644915946355
0.685854536946863	0.540888581424952	12.3687528193287	14.3457742365875	18.3461114280741	20.8227940614086
0.509164907736704	0.846280220663175	17.7493807105896	14.2499674144786	18.3611388013434	15.2353671837781
0.503481540363282	0.668027729028836	25.8022590361267	26.0618655675712	18.3832737595784	25.145217622294
0.589769897749647	0.510959354229271	22.210822881192	26.5866012263761	18.4128224550012	16.5531787426602
0.156891517108306	0.80177560262382	21.9137938728212	22.5843276625828	18.5000774255465	25.9181191673643
0.885097460821271	0.670934413094074	22.833894320491	22.3974156442248	18.5882196041343	22.8357527521905
0.855247105006129	0.356539659202099	20.7451654424105	25.796786344298	18.6404950722807	21.3876832006539
0.857615665765479	0.55722895078361	15.5633128413138	14.3723612938008	18.6746148901808	10.7807843634898
0.371000665938482	0.887757387245074	13.3530536721949	11.452110686218	18.7288690084471	16.6616415771344
0.836347978096455	0.886393759632483	15.7702521466789	14.8472608472366	18.7486189380942	15.7943761000795
0.589479704387486	0.0625690249726176	15.6271503289218	15.3749938372056	18.8173283740772	8.99054824593893
0.942425506189466	0.594783028122038	19.4660274256478	18.4098675566374	18.8619152812542	20.9186142832217
0.385814313078299	0.139941515168175	13.2319095688949	14.0610353409315	18.8722327294462	15.3681924693822
0.49640151951462	0.942185152089223	22.8957747962206	17.3513440563581	18.9138554390609	23.0709139225812
0.0690598688088357	0.884308257140219	19.2349481169126	20.5451810667107	18.9526765389444	15.5944621279779
0.642174568492919	0.826342568034306	16.4025313268209	13.469775920397	19.0195859632704	17.7512132476467
0.832475557224825	0.219162105349824	15.4848454099313	20.1856091393039	19.0552906646296	11.78915682694
0.660095917293802	0.868483691243455	18.2088100064625	14.3892915559085	19.132161141197	27.3874272591074
0.926390042062849	0.205984478583559	21.5509021909218	21.7696293243279	19.1576891606295	22.654234949815
0.247284141834825	0.197570056188852	19.5897657488562	23.5442635812688	19.1971612862138	24.3582615251674
0.514172070659697	0.288032400421798	16.0401583292877	16.0651362177034	19.2425305115926	14.7206469188127
0.499280749354511	0.340232281014323	20.2659173124863	21.1159652871159	19.2801076763046	19.8327487976541
0.747850682586432	0.0513964619021863	15.7411829398484	21.4968441636013	19.3053183931016	17.4569666918034
0.898526122327894	0.0931852632202208	19.865486162529	16.3587447235516	19.3142521938865	15.48680495951
0.546329830773175	0.183070135768503	20.4888359277519	20.2950241841757	19.3354236300142	24.6505258629275
0.252541220514104	0.740363903809339	20.5322807080119	14.6727283533017	19.3556021999241	25.0689475715058
0.790659601800144	0.198886944213882	24.1985885278337	22.10759817785	19.3843281037145	19.6517704523393
0.926714936969802	0.0596080587711185	19.9903016012738	17.2001343562747	19.3923294230469	30.7197455888405
0.22188264108263	0.38948039454408	14.2461858592821	13.2630033801339	19.4778766116323	11.1571977744024
0.707996420329437	0.967239107936621	19.7816986104766	24.5747695234583	19.5115713497134	27.8702021630809
0.419725597603247	0.96755556599237	21.8332524377566	24.8260005577656	19.5291418389849	26.3424766629773
0.184186369180679	0.540135860210285	16.3285139541669	20.383300642217	19.5474171438639	22.2092628273087
0.097271469887346	0.518385254312307	25.7835551945859	27.5086166866071	19.5919851770783	24.5812589328201
0.532883212901652	0.948568393709138	24.7728370014783	28.1266068477975	19.598456769596	20.932935445751
0.279238009126857	0.565208216896281	18.8802304881519	13.9201431069353	19.622490900225	19.2478473359849
0.575008578365669	0.397949260892347	21.8459092021821	24.8425941190338	19.6848085995759	25.9795673674878
0.148734602145851	0.771771236555651	16.7643370291738	17.3954985148806	19.7075297701524	25.0429799874565
0.592006841441616	0.980187892448157	18.4006693468202	20.4135063204471	19.716029327232	17.1500123708526
0.905620351200923	0.218002500245348	16.9977044155641	12.4523586736297	19.7849445733993	13.0659386782452
0.371222722809762	0.188148117158562	18.1440848983525	16.2924522412498	19.8320058192428	21.7974265900265
0.999414320569485	0.986795097123832	22.8087864091587	21.0829869270721	19.8474686561265	22.4748824428583
0.117176943225786	0.263122604927048	19.7251533785526	21.3490714415333	19.8659227186321	20.7528569986064
0.23771536257118	0.159969390835613	15.760440175774	17.1733164025149	19.8790635785611	12.3333999733668
0.270484656328335	0.934652674477547	18.2982722260918	18.7873418486395	19.8857339148914	19.6575279507083
0.35331927286461	0.570442628581077	21.8358483420534	20.3745896062697	19.9033117295152	11.1027313504254
0.477845186600462	0.0328326483722776	22.5683721584965	23.5522335890768	19.9149119109336	23.2359869721452
0.0735106661450118	0.607765624532476	19.3018146735375	19.5833893942305	20.0053982004864	26.4380484625294
0.323610354447737	0.615232713287696	16.9452296538321	14.2260836364606	20.0145622547837	14.1106901196649
0.305799494497478	0.329249653266743	24.8223908774306	26.5354622365635	20.0397419667458	28.5112931370258
0.280009859707206	0.87182536162436	21.5919420414968	17.8078411456503	20.0940268233435	21.4212055833188
0.348896258044988	0.969320460688323	20.1465555689653	18.5983177483519	20.1387308775427	18.0215283475573
0.610487047350034	0.213930001249537	23.0837044520082	25.7867574224621	20.1596159506722	27.7341630734154
0.0411182027310133	0.370224348269403	16.7826893735259	18.7057475611167	20.1692803359205	15.0149623948899
0.281480205478147	0.340499697718769	19.6879680306378	18.7078761149874	20.1896866210858	21.1538370203457
0.672734789783135	0.675186397042125	17.0780526778671	16.8503167104294	20.260177917265	17.7103529648813
0.500913106370717	0.867906557396054	25.6081780240602	25.905380871252	20.3785366990114	28.3027250401813
0.624643231742084	0.104093873873353	21.9625681585555	20.5299792695849	20.412272734368	26.3787953218026
0.453357017831877	0.321511093061417	20.2196993889633	20.5194761989164	20.4597700169798	16.6828469382795
0.182814895408228	0.0514727858826518	18.147541794363	17.1369111447806	20.5734192507773	16.8397043596282
0.724740831647068	0.326819926965982	15.3427031682839	15.2893320043315	20.5859102341335	13.991336557623
0.214092353824526	0.577807953814045	21.9310293414131	29.2925723918955	20.5938320341721	25.0984494734817
0.112716565374285	0.83281785598956	18.6248514073372	17.0564614119966	20.6184717401379	19.4404535305171
0.977714098291472	0.884074928238988	23.0834917433113	16.3484903351279	20.6699201948899	18.9202068919628
0.623423038050532	0.651147119235247	21.2654675802957	25.8116631311621	20.6782114195516	24.6618773883612
0.235034106299281	0.560586364706978	24.3232618083413	22.6798606836171	20.770883277698	20.6091095562584
0.0874090122524649	0.0310920332558453	24.4918638109316	23.8780902873596	20.7847314250724	23.5615131055814
0.962153719039634	0.661717802518979	18.0743778628464	16.6238789613825	20.7963637291783	15.3824213169411
0.813514645909891	0.946920226328075	18.0576929196098	19.7966464880776	20.8048966812336	17.3543080043686
0.852748934412375	0.939291959628463	24.5752656994663	25.2846481316438	20.8170016974648	25.5312013100595
0.645531684393063	0.0334537792950869	16.2877598937388	16.2291014761339	20.8325688976729	19.8462223856951
0.31858210475184	0.0416004864964634	23.0475391041908	26.5151415035578	20.8489226371295	26.439069189224
0.719647355610505	0.328083937056363	21.627473441075	22.6856673562218	20.8898243912156	28.3427199670424
0.0652782784309238	0.617092028958723	14.0622973398841	12.37579956475	20.9195177591232	15.3190536057927
0.964299122337252	0.15597724635154	22.7277082837742	20.6739752990491	20.9463842388156	18.2241279221621
0.0604804509785026	0.942886189091951	15.8367198873726	15.7831176631671	20.9663114316579	10.2383223716438
0.581460035173222	0.17308795498684	23.0853438432608	22.8565745275849	21.0384980506646	21.3268464005907
0.231179660186172	0.622935873223469	20.6624982208972	17.6702850271715	21.0427831059656	17.3172147720971
0.86646209936589	0.0879147029481828	19.5474750894304	22.2205920529825	21.0736719668784	15.754462928995
0.322068734560162	0.715566092636436	20.7249357334929	15.4456397893939	21.0985344344476	14.7854599757394
0.00988586386665702	0.981611195486039	18.9613956481424	23.7239706318687	21.1123360087811	25.1296072035885
0.48293996648863	0.915985302766785	15.700300682084	14.7940164027632	21.1627620777923	18.5335539343011
0.215291015338153	0.48580289282836	21.6620697462874	21.6381198601241	21.1798408723807	15.3798403725836
0.286039856495336	0.595545457908884	22.7528444185753	22.1979240992024	21.2004917845952	22.4582547650034
0.225806117523462	0.279973950469866	18.331015722325	23.0833645266232	21.2326058788959	22.9567135154813
0.151017962489277	0.920036606257781	15.5555616103041	17.0013436038828	21.238955375155	25.9429221170399
0.0857062090653926	0.999223496066406	23.8824349965574	26.5127928969914	21.2466370769304	15.1604136859122
0.479366970714182	0.847820833325386	18.0788511829396	14.5999542856893	21.2517454573746	19.8111497029629
0.770355577580631	0.25771071203053	18.8888048006257	19.6990646475247	21.2702485009901	20.2571422113977
0.138778706779703	0.420453248079866	22.4936667328893	24.480241344154	21.32643510627	16.3596761646938
0.651883134618402	0.109701300039887	21.2886357973288	22.5792658613425	21.3536624447451	20.2239233319856
0.532594417920336	0.591653557727113	22.1333838773462	22.3529787195979	21.423722498499	19.8824193529834
0.693061338737607	0.790477852569893	21.9789785467623	24.4248133144587	21.4389060016401	6.89872876010901
0.521000100998208	0.434917286736891	19.214299876472	19.8233082051108	21.4754792507592	18.5919130694721
0.787860403535888	0.554709008894861	20.2927113349355	16.0801356643802	21.5079766442082	22.0330927070487
0.4829178142827	0.454698138870299	22.1419331187263	24.0385159207008	21.520820037212	24.8815215749838
0.662178974132985	0.955651361960918	12.9134367164058	12.0958518045495	21.5651725283633	10.754726925346
0.988417228218168	0.214658461278304	18.6451989952008	17.3475575865247	21.6121645226329	12.614909311947
0.668249556329101	0.723982074996457	17.6925598176993	14.5060828594189	21.6298325492038	11.0085835817813
0.769437856273726	0.350926746148616	23.5542726342477	23.1002935296684	21.6627961965459	20.2830361280037
0.0546274385415018	0.0648056869395077	18.6457122013238	19.493853378391	21.7294614706119	27.8684530183041
0.591258896980435	0.0232143432367593	22.2266002086632	23.1013294673085	21.7860874561129	25.4522984330715
0.5645871902816	0.0966653984505683	20.2711667646076	18.0468180379041	21.839814267718	10.8932177068865
0.964111605891958	0.211547183338553	24.1772602278064	27.254508047638	21.880138380187	34.8041916956437
0.154524569399655	0.826649666996673	16.980933956859	17.9321403486224	21.9238303054382	16.0573392297994
0.836380837950855	0.516818689648062	18.6286087932124	17.1320731762891	21.9286082237381	6.20842184484579
0.754939595237374	0.12565728276968	21.7104697108242	22.8324734834523	21.9522091856544	21.9239530093796
0.220001038629562	0.429920671740547	20.9121700638518	19.5507673193052	21.976865086832	21.2829215912734
0.106937888544053	0.0723290205933154	20.7024703470408	24.1258570226341	21.9911469875085	23.7072193874284
0.300701308995485	0.888322696089745	22.1991463202183	23.9113477797735	22.0487139251887	27.6368147466799
0.513395137619227	0.850767433876172	23.8626229577746	25.4550800971771	22.0889127496669	13.5718637962313
0.723223072709516	0.821951658464968	25.8116034233276	27.7092905315464	22.1300607818314	32.9390920735094
0.89116883976385	0.267033911310136	25.7250172048814	24.4084447251759	22.1547494130306	18.8519600736572
0.906055198283866	0.0505007719621062	18.9436991847485	15.1332812441246	22.1810303832773	13.2811628098907
0.955867059063166	0.541470018215477	25.1847387508782	27.4802686561349	22.1958258662699	33.043246436289
0.539848746731877	0.460921802092344	23.4386700533152	26.0985833883718	22.2051771766631	27.0645817025144
0.515640197554603	0.378411071607843	19.9627773221689	18.6928874796784	22.2261805930755	17.4495038049923
0.104195390595123	0.248836294515058	15.5225066498019	10.3873489521365	22.2598784999356	9.35692797190108
0.0651273427065462	0.119605534011498	23.886886362482	26.0901201567449	22.2978563941696	29.1068898578857
0.0497118774801493	0.863978621084243	24.5585676261399	24.0727393990457	22.309125328181	19.9904587458111
0.489980093669146	0.766470765927806	24.2125714624593	22.4381249472122	22.3383665918698	18.9645373569959
0.448950714198872	0.593543054768816	22.9117784074994	22.8990963496284	22.3800287958373	28.8297100667274
0.102564100176096	0.270483823493123	14.7473140995626	9.1836286558024	22.3841119545607	14.3565568473808
0.19371102983132	0.64501756359823	16.6160892166417	19.7011103657596	22.4081779747786	17.180721056499
0.53524730517529	0.746960885124281	20.6325941747145	20.2680548763905	22.4347751111594	16.9886952050543
0.895521944854409	0.535679884720594	22.6608762480035	22.1787760806117	22.4526510896389	13.6442329813931
0.117856019409373	0.26296608010307	18.6961383134185	15.2483814791992	22.4997619895741	22.2249135387007
0.344921540934592	0.434701400110498	18.8014586751739	16.9815364996541	22.5283518131101	13.6711039602077
0.359854833455756	0.0271502484101802	19.0913571193965	17.2182843207931	22.5918612138443	23.8462815817733
0.873208050616086	0.940546174766496	23.4126560258606	24.0353251458689	22.6059001790197	28.4124388037111
0.00289418315514922	0.016701873159036	21.4393611272077	26.3103725887013	22.6658976408005	30.1942666915843
0.23631858243607	0.910218859557062	15.9322520835866	16.1436226909737	22.7090628116803	19.7381996893796
0.724764026235789	0.577986704651266	23.7670742972141	24.958742081147	22.726839385164	28.0319556251789
0.485586721682921	0.446473606396466	19.5028041868587	22.7099330722598	22.7369466263919	22.869057704641
0.862953014206141	0.209641126217321	18.27819524017	17.0532024246647	22.7849770651315	19.5351149853249
0.00523433345369995	0.709775916067883	24.1222770682001	21.0897449496826	22.8070555577357	28.2942475681465
0.19454230251722	0.969601717311889	17.7648683504615	17.4601401478894	22.8261100948938	14.0015333849119
0.0723570906557143	0.522981412475929	17.8434348303916	18.4582236521883	22.9162070851579	21.2794632080217
0.258943136781454	0.0689400797709823	18.9004623754797	18.8270329788236	22.9521506551194	29.1258847892494
0.879800213035196	0.448181548388675	20.0355093780895	19.2293202287236	22.9762261849795	23.6952266350753
0.925773672061041	0.99251596047543	20.956314491161	23.2745152489544	23.0185940806309	18.1443316846885
0.780730491736904	0.100962624419481	19.7367211183643	17.2066989181962	23.0719702085532	21.4477793091019
0.585945936152712	0.818443580064923	20.5779275074346	18.0768763112908	23.1852918477158	17.3507164609923
0.647899888688698	0.618442080682144	19.887955685508	17.8512073108379	23.2225193280854	15.3260304425151
0.0790533670224249	0.325945990625769	26.1445023238208	24.5956818621567	23.2615240950046	16.4959353012087
0.707936116494238	0.818094213027507	27.319832468062	23.1554229025892	23.28418103971	19.4304834549416
0.823947921162471	0.193777501117438	22.584209952957	24.3043641942149	23.3049233990199	29.8975732861454
0.856247597374022	0.00289971544407308	27.2638366972041	26.8760620179532	23.3269024498435	22.1771803995222
0.474893455393612	0.39429763215594	18.8463759988163	19.9926019406461	23.4013944877734	18.4181249911365
0.994125584373251	0.780935726361349	21.2224198014833	23.2867675976359	23.4812445427556	26.4238705966259
0.924418118782341	0.225801954511553	23.5151286322874	22.7396578482414	23.5336868628764	18.0812237768198
0.547157690161839	0.140889097703621	24.0822495790669	20.6846883758465	23.5422509489246	11.5899892641536
0.282911243150011	0.835471672704443	24.5640115126503	28.5285551319437	23.5601316195686	21.9761730372876
0.626459671184421	0.608767176279798	23.7618282959419	21.6472145839889	23.567363909272	23.1352569855338
0.146269339602441	0.866028471617028	20.1202172172974	24.9296577434495	23.6335607378253	20.6055950933932
0.0367373330518603	0.399132078746334	19.9213224190922	17.5338625382992	23.6831014120209	32.035985835031
0.810026329709217	0.51492748898454	21.0642847603538	19.1660392678471	23.704694726435	21.8886784674808
0.430457482580096	0.507778407074511	21.8165623775111	23.4676862154274	23.7351345446897	14.0106899585954
0.877393782604486	0.689404870150611	17.9945835258043	19.767880065861	23.7764398182056	24.7710766421362
0.486315266927704	0.960840975632891	27.4569826808927	28.6439478015347	23.7814422725457	29.6239815384984
0.684643361717463	0.726628452539444	21.5380499034276	19.6780919249824	23.8569622345295	19.0785657478235
0.993281096220016	0.171684659318998	20.6597202400711	21.0301474972405	23.8732561231647	28.8024008048596
0.882153010927141	0.509584459709004	22.5470868208053	23.2314346612476	23.886724093263	26.2855945616313
0.667235328583047	0.0269592793192714	20.0889185524521	16.9984418306259	23.9215781875432	14.6562817608664
0.703395070042461	0.804108818992972	23.5175273510161	24.5960889891642	23.948935216949	19.4788073629755
0.49498677183874	0.0723582834471017	23.7973965572557	25.8566824549428	24.0104237940587	39.4868620144459
0.323350599966943	0.81296745617874	21.1766201208405	18.4962664921732	24.051125319834	14.4351678754173
0.290738340700045	0.0710929990746081	27.0429596747024	29.1907871207777	24.0649020234375	16.5215629480041
0.539982848800719	0.835703695658594	21.9995348400521	21.8290595877485	24.0896467979698	24.5324306685076
0.397583977552131	0.735130076296628	22.6525582073574	23.517173649753	24.1305836739326	32.2548828663544
0.947239197324961	0.668705637799576	25.8872963433994	26.3604252155714	24.1764073560515	29.1448355775622
0.612509845290333	0.93607861851342	23.2010810952681	20.9687653929884	24.227628708937	20.0473476761359
0.996596596436575	0.207426927052438	27.4344612269828	24.5326389033412	24.2474551958755	19.1625211916202
0.489646653179079	0.360338328871876	27.187049156612	27.5932655473625	24.2926171880877	32.8564031274105
0.182109863031656	0.966966622276232	23.9894402563164	24.0531702941237	24.3112661611184	24.1014726937451
0.271588021423668	0.378636831883341	22.8597456105875	20.3803714256686	24.3437253489739	27.7550698874191
0.185870625311509	0.934441054938361	24.8885003167433	22.6545617246741	24.3525699593498	25.0619693935312
0.909565011272207	0.33697771653533	23.3694359645231	20.3568084141437	24.4057422373705	24.5898080419779
0.245411093346775	0.558250903617591	19.9529285472719	15.864247228071	24.5308795076411	19.866297637579
0.650536816800013	0.818486761301756	25.6006255996164	30.3131768997056	24.5367965600833	33.389660940693
0.431363737676293	0.654664604226127	20.0979203608052	20.9069762450505	24.5821252038483	11.9725699173855
0.398610826116055	0.388256912119687	19.2324329328547	20.0644822274914	24.6250716165983	21.5362989783496
0.483090355293825	0.593608224531636	16.047564166567	10.8604893220305	24.6619899475966	15.1750904918248
0.972723497776315	0.186091943411157	25.517379405594	28.996933878423	24.7260354386914	26.9663009560528
0.764234032016248	0.597737224306911	28.1819110542608	27.9694441466236	24.7395863357297	31.7148900672731
0.011852994794026	0.509054203983396	25.4201810758743	28.2582765376802	24.7723055782785	25.6916627071204
0.744984662625939	0.387562938965857	22.2882100471635	21.6914238394727	24.8026486267143	17.8211378500704
0.293978281551972	0.413228906458244	21.9567856210001	23.2581908053295	24.8598099221225	13.7348767372725
0.579485899535939	0.912572121014819	22.9612257868992	26.1472446427729	24.9323983324485	22.4321750812705
0.225825757952407	0.265498580876738	23.2637419978672	20.3404111177068	25.0490264685486	28.8581775938125
0.792901141336188	0.873690881533548	17.231283660989	19.2179341349242	25.0904260299771	13.3054628191685
0.414796782890335	0.689059661701322	22.3493306092257	20.1004959651942	25.1139907866604	11.0516960969672
0.144961681915447	0.105923991417512	29.6692442892335	30.4101102384758	25.2068938766309	21.3477115887144
0.921935916878283	0.417071279603988	22.4489644166596	23.27654498066	25.2225554496482	27.3582134876599
0.145528070861474	0.598363351076841	23.1284678208805	24.270623481421	25.2761395343636	19.2330933204234
0.279284404125065	0.505609796848148	26.5750418613974	24.6418349238059	25.3716858713753	22.0457579123725
0.792650912422687	0.647975527914241	27.8367285198501	25.7332850078056	25.3981366347212	27.4070091281193
0.198567172512412	0.639695807825774	25.8608130108729	22.2081265762712	25.4024879783056	30.268289633323
0.427378618624061	0.115925821010023	20.4710790109188	21.2576574100308	25.4339771418455	10.939251605178
0.520658659283072	0.460709908278659	21.4798877710232	21.3496276642801	25.4415192328123	24.2862409572014
0.960272192256525	0.189505120040849	29.9607435350236	32.7785802500909	25.4626859710969	22.6092868650479
0.340596455847844	0.759162588743493	20.8058790732217	22.6052912906661	25.5200502296882	26.0378789861288
0.91472060745582	0.512879634276032	21.1228167227012	24.3850394644499	25.5504803115414	19.4417853734277
0.23949438217096	0.65197429782711	20.6639297451479	20.5489159793657	25.5949166982946	15.6493410547559
0.601915823528543	0.362180302850902	22.7017553178607	20.9527926197847	25.6166993173989	25.1315957663084
0.284537693485618	0.380051997955889	23.367879052325	25.2316188121653	25.6707660168431	20.0278353459973
0.0570029325317591	0.658368490869179	25.7515555423985	23.5359386139291	25.7403819640638	18.5789371799137
0.560352091444656	0.454690161161125	25.060604112845	22.1007020854298	25.7565552282748	23.740777520203
0.793496437370777	0.258297842228785	25.1709888339561	28.8720764405875	25.7981632627416	24.0805062947552
0.332647544331849	0.549852449912578	26.2018868344449	27.8107708909786	25.8422564550662	23.3240833257451
0.769232885446399	0.501625067787245	22.2310291834432	20.3479969923859	25.8663993048436	21.7259217997939
0.0402012334670871	0.532356302253902	18.2473139390791	18.1621262614814	25.8918200870765	25.1016784234441
0.490454604849219	0.78369132312946	25.5679475587352	27.6399384876389	25.9260787370153	23.0645846725521
0.961187198525295	0.284334811381996	25.9981215052821	24.080465567784	25.9528110562976	28.8107734152851
0.759496498387307	0.656280313618481	21.8309710720706	24.9925435001124	26.0812736654496	23.0343808718301
0.150373419048265	0.072274012491107	25.918875492829	21.2906176423474	26.1039685547607	28.4683153431486
0.823123773327097	0.23052484402433	26.5578287225055	27.3609678131726	26.127772401222	33.638292245322
0.523972717346624	0.052998160244897	14.4503627901156	10.7909666152928	26.1602289983189	20.5088754588107
0.335008527617902	0.695528017124161	26.2050246773735	26.239729639494	26.2433276390838	30.3061124614796
0.95678798109293	0.335953505942598	20.0543701439468	18.9857987892435	26.2477671531115	11.7752031339418
0.196050508879125	0.885211447952315	22.4141896540598	21.3337018096297	26.3241583250833	27.4739335858742
0.711485679959878	0.940883037634194	21.4866722607148	20.5583023378937	26.4087159936103	16.9623507389612
0.944010249804705	0.515725461766124	23.8204448857987	24.1773548192694	26.4853679534445	28.3092536128812
0.774022719822824	0.926051530055702	24.2258915204408	23.8967124270106	26.5166698007861	30.1459112020859
0.587770002661273	0.771464581368491	25.7876114701859	26.1383080649884	26.5352779629726	26.9255878324288
0.494440383277833	0.803362632868811	26.5197147506816	23.083393509005	26.6801512499328	31.9097563882606
0.966340678976849	0.508032113779336	23.9297370847701	24.8730034665649	26.7011986242967	18.8527124693704
0.943084261612967	0.647472771815956	28.0208640280443	30.0165800377855	26.7984185259732	28.7553425534962
0.840749329421669	0.586147515103221	21.7737521156564	21.7972043171044	26.8824440407746	15.5136922973746
0.228880207054317	0.527801953488961	29.7230081539558	26.6982796401041	26.9089379490638	16.2293996229333
0.817103320034221	0.16920161107555	27.4187949000013	28.0609427954187	26.9298112994225	23.490557895006
0.543710154714063	0.140158504014835	23.3481199317558	24.1548621836817	26.9574209084925	25.9197079760765
0.666282502468675	0.537360219750553	29.1514806401949	32.084659027166	27.0930342621401	29.9798023738876
0.534977160394192	0.664394705789164	28.5342158852206	31.2682306843912	27.1651870062445	22.8028518485898
0.814530061325058	0.258428348228335	26.0984585722364	26.9681716633265	27.2598764054026	25.513426095259
0.921107300324365	0.543179181637242	27.4310319432821	29.4628911018528	27.3288996038472	20.3684464941074
0.680522499373183	0.510263138916343	26.6340605896899	25.8059693066495	27.3552431320283	27.9949325184372
0.276647104183212	0.881597036030143	17.3421462083177	14.0205201898482	27.396894046117	19.3562935380233
0.094948232639581	0.775861581554636	26.1269075483757	27.518163861927	27.4303306762284	27.7864949500585
0.925149195827544	0.838829672895372	19.0961714298232	21.5058792746569	27.5725449918224	14.8245934999787
0.703775893663988	0.353775168536231	26.5837729670451	29.2222674212276	27.6153879607912	30.7794083979509
0.954336298396811	0.93240788881667	26.1214920045651	28.5235518035341	27.6548407450387	33.3571300251213
0.635663171065971	0.191873030969873	25.5565712261264	27.1761068795696	27.7215755370852	24.8870657394943
0.619921027915552	0.862294643651694	26.1916350641958	25.0412563682211	27.7289770284767	20.3977368557122
0.904711537295952	0.695111952954903	25.5497799699656	23.7559475935159	27.8070589879625	29.5152741038773
0.95255907648243	0.0333420978859067	24.5864609973318	24.9031958299134	27.9389427780806	23.5651110370435
0.357171845622361	0.0648998322430998	29.0172686364132	23.3461922207899	27.9469826974893	37.366257962408
0.846641379641369	0.538950199726969	27.6931866767618	30.4021915885981	28.0154967849257	23.8367524233875
0.886256231926382	0.979734854772687	26.5895624539222	26.7474930751835	28.057827961955	20.9900749727844
0.287775224773213	0.81705558532849	25.5486945609712	22.0402006150039	28.0996517851868	30.9095396223547
0.370045037008822	0.565727221546695	26.7528753557919	26.9890352207172	28.166554955402	28.4198929094488
0.390470235608518	0.646656315773726	22.3081651658305	21.5349794884892	28.2342917236345	17.3233007562806
0.741134916897863	0.881268155295402	25.9008059506753	25.2733272426057	28.265093070086	27.940129185275
0.151863215258345	0.338722308166325	23.2467387255507	22.6646741226812	28.3625344554344	27.4788880343474
0.263819814892486	0.801208721706644	27.5006161231942	28.5849218900325	28.4044720553193	25.5343450289148
0.695654189912602	0.89027762459591	27.2697981072027	31.6938902363466	28.441639850823	21.094211307679
0.324720240430906	0.101787800667807	26.9407503079032	28.6174784660289	28.5258591909108	27.8565521347891
0.00283390516415238	0.67913186759688	20.8848181332502	21.1293424172494	28.5911329812202	16.3541539740192
0.156909187790006	0.596352584194392	24.2632432393892	19.4507087181386	28.6376117855227	25.2959326189374
0.420372370397672	0.252520012902096	27.5427240100038	26.6714375866725	28.650285006397	27.0117859069084
0.398936927318573	0.508137707598507	29.171745886104	31.0428890233513	28.7148925398737	35.60881487703
0.155287581728771	0.182484549935907	27.2235565436177	23.1395499473889	28.7806410956561	24.4811920197656
0.0553190330974758	0.326107952743769	26.3129152532235	25.7823394406228	28.8514082094724	18.9305772645034
0.712465959833935	0.272663607960567	18.8104176364978	17.0142152255714	28.8963086798738	20.9451679414305
0.0452891327440739	0.726580853341147	25.2286878348729	28.36196189171	29.0200184662235	31.0632305399761
0.938229834428057	0.369377694791183	29.3562279958985	25.8539992251444	29.0952022320893	33.1802859138082
0.0495244222693145	0.431233034003526	28.2975708846655	26.448681152638	29.2409447643554	20.1138923835653
0.203138055978343	0.568575081648305	30.6577429526481	30.2166629520325	29.4392066723632	34.784448352042
0.574542451649904	0.508236945839599	24.1394902851887	20.1249362787084	29.5337022775564	28.4505373541602
0.817378557287157	0.600624970858917	28.7795163479657	28.9324714256595	29.5646677151769	39.6516575321789
0.0498315966688097	0.415635270997882	26.0032636632609	29.3591615930482	29.6089948140781	12.3655984259608
0.25865899422206	0.497987318318337	28.8687806958522	30.1030420666457	29.7488149991873	33.6275298595467
0.108559368411079	0.654520487878472	30.5221227058406	32.2339925402988	29.7606022761305	37.1916288915235
0.332193947164342	0.454651141306385	26.0403667045281	30.4512404532744	29.8984286390809	28.8732064579573
0.568032794399187	0.855867101810873	27.6656695138427	29.6401722519629	29.9315427639241	26.7093671746751
0.782526424620301	0.0832688640803099	24.7574892598321	24.6652645544024	29.9767900835885	30.8492920002058
0.822475181892514	0.363140957662836	30.1170943802665	32.1669040688623	30.1057572926985	34.3193667916215
0.26391240907833	0.82656875718385	29.481570895111	27.797793014894	30.1743935056353	34.8112167907457
0.353131123352796	0.218841049820185	24.9787007039187	22.4413451632218	30.4542548225469	24.60176008165
0.389141452265903	0.787256296025589	27.2727015982035	25.3271383316546	30.5540085763389	25.027903254862
0.294177532428876	0.414157174760476	22.9914656786963	24.2714656734372	30.6569856888313	18.5477899774465
0.0678875474259257	0.707040842156857	28.5242327457867	25.7276703181357	30.7948156887362	34.2739544563821
0.113268537679687	0.206622196827084	25.1590046513421	25.1504077353854	30.9397737510335	32.101543192639
0.389026084449142	0.458897603675723	25.4791586601012	24.9674908802409	31.1960763888814	25.1855369430241
0.8173275180161	0.0604624177794904	23.123925851873	24.4292671546897	31.3135153763083	31.3688784277393
0.41368367546238	0.629820647183806	22.9917795457709	21.0343996837459	31.3856855519248	24.45747712923
0.554443692788482	0.68458699202165	30.0795366282587	31.6555308019614	31.4481454479651	39.2848681517414
0.58708583493717	0.89395982818678	22.9705392572608	19.0411418648908	31.4870396282202	17.4643871870683
0.870353560894728	0.624092623125762	26.4904151175693	22.5794962449501	31.5831877913779	23.4338493808666
0.701381417224184	0.683382524643093	28.3152258816508	32.4290884945777	31.6929223277001	23.8903145335232
0.693469557212666	0.449098986806348	29.2903098802844	27.754312375153	31.8834456921299	34.676735339939
0.481079802149907	0.652464351151139	24.9086081886339	26.6481924149643	32.2945200584418	31.0894309018847
0.0677683399990201	0.340106065850705	30.0629272834857	28.695415228026	32.7115853736469	34.9461485332839
0.588922259863466	0.992222754983231	27.8548359688229	29.224412755161	32.7910913298993	32.1185851161955
0.0420731303747743	0.0330883308779448	26.2279688204113	25.1481213677119	33.1410071848189	24.4041824531281
0.225871086353436	0.659728333819658	30.3707568822832	28.6630615789706	33.4780326277623	30.7278056662014
0.743137718178332	0.688160084187984	28.4036857638642	29.7845845138947	33.6108261145118	27.165290042044
0.823830622481182	0.925980058731511	30.172655386836	31.4804835183332	33.8974721745184	34.0562192581229
0.888430357212201	0.0794932665303349	26.9694034533671	27.068771651724	34.5865850244177	33.6320806781186
0.539422979112715	0.60650556976907	29.8040648510461	26.155330155609	34.9327961921588	22.2778050873373
0.420074852416292	0.286363234044984	28.6855201306122	29.0311891263908	36.2289586666499	32.9699471921848
0.535666854120791	0.646634091855958	30.6539047407487	30.5806905046456	37.4636373935634	30.135452338069
